5;33,80;60,00;6566;0,00;0,00;0;60,00;264;
10;34,80;60,00;6566;0,00;0,00;0;60,00;263;
15;36,70;60,00;6566;0,00;0,00;0;60,00;263;
20;38,20;60,00;6566;0,00;0,00;0;60,00;264;
25;39,60;60,00;6566;0,00;0,00;0;60,00;264;
30;41,20;60,00;6566;0,00;0,00;0;60,00;263;
35;42,50;60,00;6566;0,00;0,00;0;60,00;264;
40;43,80;60,00;6566;0,00;0,00;0;60,00;264;
45;44,60;60,00;6566;0,00;0,00;0;60,00;264;
50;45,60;60,00;6566;0,00;0,00;0;60,00;264;
55;46,20;60,00;6566;0,00;0,00;0;60,00;264;
60;47,00;60,00;6566;0,00;0,00;0;60,00;262;
65;47,50;60,00;6566;0,00;0,00;0;60,00;263;
70;47,80;60,00;6566;0,00;0,00;0;60,00;263;
75;48,40;60,00;6566;0,00;0,00;0;60,00;264;
80;49,00;60,00;6566;0,00;0,00;0;60,00;263;
85;49,20;60,00;6566;0,00;0,00;0;60,00;263;
90;49,60;60,00;6566;0,00;0,00;0;60,00;264;
95;49,70;60,00;6566;0,00;0,00;0;60,00;262;
100;49,70;60,00;6566;0,00;0,00;0;60,00;263;
105;50,00;60,00;6566;0,00;0,00;0;60,00;264;
110;50,40;60,00;6566;0,00;0,00;0;60,00;264;
115;50,70;60,00;6566;0,00;0,00;0;60,00;263;
120;51,20;60,00;6566;0,00;0,00;0;60,00;264;
125;51,40;60,00;6566;0,00;0,00;0;60,00;263;
130;51,90;60,00;6566;0,00;0,00;0;60,00;264;
135;52,00;60,00;6566;0,00;0,00;0;60,00;260;
140;52,10;60,00;6566;0,00;0,00;0;60,00;264;
145;52,10;60,00;6566;0,00;0,00;0;60,00;264;
150;52,00;60,00;6566;0,00;0,00;0;60,00;263;
155;52,10;60,00;6566;0,00;0,00;0;60,00;263;
160;52,10;60,00;6566;0,00;0,00;0;60,00;263;
165;52,10;60,00;6566;0,00;0,00;0;60,00;262;
170;52,30;60,00;6566;0,00;0,00;0;60,00;262;
175;52,10;60,00;6566;0,00;0,00;0;60,00;260;
180;52,30;60,00;6566;0,00;0,00;0;60,00;263;
185;52,10;60,00;6566;0,00;0,00;0;60,00;264;
190;52,10;60,00;6566;0,00;0,00;0;60,00;264;
195;52,10;60,00;6566;0,00;0,00;0;60,00;264;
200;52,00;60,00;6566;0,00;0,00;0;60,00;263;
205;52,00;60,00;6566;0,00;0,00;0;60,00;263;
210;52,10;60,00;6566;0,00;0,00;0;60,00;260;
215;52,10;60,00;6566;0,00;0,00;0;60,00;263;
220;52,40;60,00;6566;0,00;0,00;0;60,00;264;
225;52,40;60,00;6566;0,00;0,00;0;60,00;262;
230;52,60;60,00;6566;0,00;0,00;0;60,00;264;
235;52,70;60,00;6566;0,00;0,00;0;60,00;264;
240;52,70;60,00;6159;-7,30;0,00;0;55,00;272;
245;52,70;52,08;15375;0,62;-1371,45;0;55,00;263;
250;54,60;56,03;8466;-1,43;2478,69;0;55,00;263;
255;56,20;56,32;5096;-0,12;5069,51;0;55,00;263;
260;56,70;57,40;1079;-0,70;7374,45;0;55,00;263;
265;55,80;56,87;640;-1,07;7884,21;0;55,00;264;
270;54,50;55,78;2895;-1,28;6791,75;0;55,00;264;
275;52,60;54,83;7121;-2,23;4552,60;0;55,00;264;
280;51,20;53,73;12832;-2,53;1660,09;0;55,00;263;
285;52,00;53,61;16766;-1,61;-639,72;0;55,00;264;
290;54,60;55,17;16518;-0,57;-1435,84;0;55,00;263;
295;58,00;57,31;12835;0,69;-948,66;0;55,00;263;
300;60,60;59,27;7263;1,33;268,08;0;55,00;264;
305;62,30;59,91;2185;2,39;1219,56;0;55,00;264;
310;61,80;59,77;0;2,03;1458,71;0;55,00;264;
315;59,90;58,34;1059;1,56;168,80;0;55,00;264;
320;57,70;56,39;3657;1,31;-2195,13;0;55,00;264;
325;55,70;54,50;7445;1,20;-4813,62;0;55,00;265;
330;54,80;53,27;10623;1,53;-6925,47;0;55,00;263;
335;54,50;53,10;11935;1,40;-7901,77;0;55,00;256;
340;55,20;53,19;11572;2,01;-7751,36;0;55,00;264;
345;56,90;54,00;8481;2,90;-6310,46;0;55,00;262;
350;58,20;55,06;3807;3,14;-4153,51;0;55,00;263;
355;58,40;55,26;72;3,14;-2327,43;0;55,00;263;
360;57,20;54,60;0;2,60;-1416,20;0;55,00;263;
365;55,00;53,65;0;1,35;-1739,32;0;55,00;264;
370;52,10;51,40;2735;0,70;-3102,53;0;55,00;264;
375;49,90;49,36;8266;0,54;-4486,06;0;55,00;263;
380;49,20;49,09;11973;0,11;-5163,50;0;55,00;264;
385;49,80;49,76;13754;0,04;-4957,55;0;55,00;263;
390;52,10;51,24;12653;0,86;-3644,51;0;55,00;264;
395;54,90;53,55;8481;1,35;-1332,64;0;55,00;263;
400;57,00;55,35;3685;1,65;984,30;0;55,00;263;
405;57,60;56,15;213;1,45;2494,19;0;55,00;264;
410;56,50;55,70;0;0,80;2605,79;0;55,00;264;
415;54,30;54,43;2037;-0,13;1301,97;0;55,00;260;
420;51,70;52,58;7327;-0,88;-856,78;0;55,00;260;
425;50,40;51,45;12569;-1,05;-2895,68;0;55,00;263;
430;50,90;51,67;15401;-0,77;-3869,37;0;55,00;264;
435;53,20;53,07;14688;0,13;-3384,63;0;55,00;262;
440;56,70;55,26;10252;1,44;-1567,77;0;55,00;262;
445;58,80;57,50;4165;1,30;801,54;0;55,00;263;
450;59,70;57,82;103;1,88;2283,78;0;55,00;263;
455;58,50;57,48;0;1,02;2728,06;0;55,00;263;
460;56,60;56,24;420;0,36;1487,98;0;55,00;260;
465;53,30;54,07;5212;-0,77;-701,43;0;55,00;264;
470;51,50;52,07;10999;-0,57;-3105,94;0;55,00;262;
475;51,20;51,93;14257;-0,73;-4377,24;0;55,00;260;
480;52,70;52,63;14845;0,07;-4381,24;0;55,00;263;
485;55,70;54,46;11492;1,24;-2857,20;0;55,00;264;
490;58,70;56,60;5518;2,10;-471,25;0;55,00;263;
495;59,60;57,89;97;1,71;1605,67;0;55,00;263;
500;58,60;57,19;0;1,41;2252,45;0;55,00;262;
505;56,40;56,27;0;0,13;1510,84;0;55,00;260;
510;53,30;53,80;3715;-0,50;-485,39;0;55,00;262;
515;51,70;51,68;9154;0,02;-2549,81;0;55,00;260;
520;50,90;51,69;12280;-0,79;-3678,58;0;55,00;263;
525;52,00;51,84;14076;0,16;-4100,64;0;55,00;264;
530;54,60;53,61;11738;0,99;-3006,93;0;55,00;263;
535;56,90;55,60;7276;1,30;-1121,07;0;55,00;263;
540;58,30;56,66;3028;1,64;623,21;0;55,00;263;
545;58,30;56,85;171;1,45;1675,50;0;55,00;260;
550;56,60;55,97;228;0,63;1529,16;0;55,00;263;
555;54,50;54,22;3240;0,28;192,63;0;55,00;262;
560;52,00;52,90;7518;-0,90;-1547,03;0;55,00;262;
565;50,80;51,62;12385;-0,82;-3277,29;0;55,00;263;
570;51,30;51,94;14482;-0,64;-3795,83;0;55,00;264;
575;53,10;53,20;13609;-0,10;-3000,57;0;55,00;266;
580;56,30;54,97;9642;1,33;-1097,84;0;55,00;263;
585;58,10;57,15;3835;0,95;1380,53;0;55,00;262;
590;59,20;57,32;176;1,88;2838,61;0;55,00;262;
595;57,00;57,32;0;-0,32;3358,25;0;55,00;262;
600;54,60;55,11;2038;-0,51;1795,48;0;55,00;264;
605;52,10;53,09;6996;-0,99;-74,60;0;55,00;262;
610;50,60;52,04;11747;-1,44;-1782,51;0;55,00;263;
615;51,10;51,98;14665;-0,88;-2690,53;0;55,00;264;
620;52,80;53,41;14086;-0,61;-2182,03;0;55,00;264;
625;55,70;55,06;10944;0,64;-700,53;0;55,00;263;
630;57,70;57,14;5745;0,56;1468,77;0;55,00;262;
635;58,20;57,67;2243;0,53;2977,89;0;55,00;263;
640;57,80;57,19;13926;0,61;3519,60;0;65,00;263;
645;57,90;61,18;14616;-3,28;2994,54;0;65,00;260;
650;59,60;60,94;19796;-1,34;747,23;0;65,00;262;
655;62,30;63,83;19313;-1,53;222,56;0;65,00;265;
660;65,60;65,91;17354;-0,31;237,26;0;65,00;265;
665;68,70;68,25;12738;0,45;1139,72;0;65,00;263;
670;70,40;69,61;8064;0,79;2056,97;0;65,00;263;
675;71,10;69,61;4790;1,49;2343,09;0;65,00;268;
680;69,50;68,98;3566;0,52;1840,79;0;65,00;263;
685;67,20;66,68;6182;0,52;22,83;0;65,00;263;
690;64,80;64,90;9785;-0,10;-2042,34;0;65,00;264;
695;63,10;63,37;13909;-0,27;-3983,88;0;65,00;263;
700;63,30;62,86;16153;0,44;-4967,55;0;65,00;263;
705;64,20;63,78;15323;0,42;-4515,90;0;65,00;263;
710;65,90;64,60;12892;1,30;-3208,06;0;65,00;263;
715;67,30;65,84;8682;1,46;-1174,77;0;65,00;263;
720;68,10;66,24;5073;1,86;559,01;0;65,00;263;
725;67,30;66,14;2982;1,16;1557,08;0;65,00;262;
730;66,00;64,79;3942;1,21;1187,43;0;65,00;260;
735;63,80;63,72;6549;0,08;5,70;0;65,00;263;
740;62,10;62,15;11208;-0,05;-1957,26;0;65,00;262;
745;61,50;61,72;14836;-0,22;-3521,88;0;65,00;264;
750;62,20;62,10;16639;0,10;-4263,04;0;65,00;264;
755;64,10;63,33;15645;0,77;-3835,82;0;65,00;262;
760;66,30;64,99;12221;1,31;-2423,81;0;65,00;263;
765;68,20;66,26;7862;1,94;-698,48;0;65,00;264;
770;68,90;66,92;3971;1,98;697,44;0;65,00;263;
775;67,60;66,44;2716;1,16;1029,35;0;65,00;263;
780;65,90;64,71;4652;1,19;41,38;0;65,00;265;
785;63,60;63,47;7857;0,13;-1494,55;0;65,00;264;
790;62,30;61,97;12337;0,33;-3432,75;0;65,00;262;
795;62,00;61,91;14996;0,09;-4586,14;0;65,00;262;
800;63,10;62,37;15823;0,73;-4854,66;0;65,00;262;
805;64,90;63,78;13740;1,12;-3895,98;0;65,00;263;
810;67,20;65,09;9964;2,11;-2286,75;0;65,00;262;
815;68,30;66,38;5429;1,92;-472,28;0;65,00;260;
820;68,20;66,19;3072;2,01;432,27;0;65,00;263;
825;66,60;65,40;2965;1,20;355,28;0;65,00;260;
830;64,40;63,71;5868;0,69;-894,99;0;65,00;261;
835;62,70;62,30;9826;0,40;-2587,87;0;65,00;263;
840;61,50;61,68;13494;-0,18;-4045,80;0;65,00;264;
845;62,10;61,56;15825;0,54;-4844,00;0;65,00;262;
850;63,60;62,91;14823;0,69;-4277,67;0;65,00;262;
855;65,30;64,23;12243;1,07;-2928,82;0;65,00;263;
860;67,40;65,37;8329;2,03;-1137,04;0;65,00;262;
865;68,10;66,45;4145;1,65;602,29;0;65,00;264;
870;67,50;65,96;2717;1,54;1178,03;0;65,00;263;
875;65,90;64,92;3585;0,98;683,78;0;65,00;264;
880;64,00;63,47;6732;0,53;-799,49;0;65,00;264;
885;62,30;62,34;10804;-0,04;-2633,16;0;65,00;263;
890;61,50;61,71;14609;-0,21;-4200,81;0;65,00;264;
895;62,40;62,00;16242;0,40;-4790,44;0;65,00;262;
900;64,30;63,43;14661;0,87;-4039,62;0;65,00;260;
905;66,40;64,97;11102;1,43;-2433,16;0;65,00;264;
910;68,00;66,17;6749;1,83;-550,36;0;65,00;264;
915;68,40;66,60;3280;1,80;870,72;0;65,00;263;
920;67,30;66,01;2249;1,29;1225,27;0;65,00;260;
925;65,00;64,57;4279;0,43;353,15;0;65,00;263;
930;63,00;62,80;8419;0,20;-1366,02;0;65,00;263;
935;61,80;61,94;12336;-0,14;-3009,97;0;65,00;262;
940;61,40;61,82;15300;-0,42;-4099,23;0;65,00;267;
945;62,50;62,33;16232;0,17;-4205,85;0;65,00;263;
950;64,70;63,85;13953;0,85;-3014,10;0;65,00;262;
955;66,90;65,54;9681;1,36;-1061,35;0;65,00;263;
960;68,10;66,63;5353;1,47;841,59;0;65,00;263;
965;68,10;66,65;2706;1,45;1932,23;0;65,00;263;
970;66,70;65,87;2547;0,83;1874,97;0;65,00;263;
975;64,50;64,32;5342;0,18;581,42;0;65,00;260;
980;62,30;62,81;9850;-0,51;-1359,70;0;65,00;263;
985;61,70;61,82;14129;-0,12;-3191,24;0;65,00;260;
990;62,00;62,39;15913;-0,39;-3959,48;0;65,00;263;
995;63,50;63,19;15841;0,31;-3786,52;0;65,00;264;
1000;65,70;64,78;12827;0,92;-2407,76;0;65,00;263;
1005;67,70;66,23;8398;1,47;-489,33;0;65,00;262;
1010;68,80;67,04;4147;1,76;1218,90;0;65,00;262;
1015;68,20;66,91;1870;1,29;2005,01;0;65,00;263;
1020;66,30;65,57;2907;0,73;1405,19;0;65,00;267;
1025;64,10;63,86;6383;0,24;-235,89;0;65,00;264;
1030;62,30;62,52;10821;-0,22;-2252,30;0;65,00;264;
1035;61,90;61,88;14562;0,02;-3933,87;0;65,00;263;
1040;62,40;62,48;2746;-0,08;-4537,16;0;55,00;264;
1045;62,40;58,50;2001;3,90;-4097,86;0;55,00;260;
1050;61,50;58,78;0;2,72;-1903,23;0;55,00;262;
1055;59,60;57,79;0;1,81;-1303,91;0;55,00;260;
1060;57,10;56,14;0;0,96;-1838,87;0;55,00;261;
1065;54,60;53,63;1474;0,97;-2945,02;0;55,00;262;
1070;51,90;51,61;5488;0,29;-3802,94;0;55,00;262;
1075;50,40;50,46;9230;-0,06;-4344,09;0;55,00;262;
1080;50,80;50,48;11005;0,32;-4058,60;0;55,00;263;
1085;52,00;51,79;10056;0,21;-2713,90;0;55,00;262;
1090;54,50;53,09;7449;1,41;-902,01;0;55,00;264;
1095;57,10;55,08;2624;2,02;1253,06;0;55,00;263;
1100;55,80;56,24;0;-0,44;2566,25;0;55,00;262;
1105;54,70;54,21;2338;0,49;1865,65;0;55,00;264;
1110;53,10;53,83;4342;-0,73;1103,16;0;55,00;263;
1115;52,10;52,72;8196;-0,62;-380,84;0;55,00;263;
1120;51,90;52,78;10730;-0,88;-1413,17;0;55,00;263;
1125;52,70;53,24;11980;-0,54;-1872,11;0;55,00;263;
1130;54,90;54,40;10666;0,50;-1414,96;0;55,00;264;
1135;57,10;56,17;6961;0,93;-173,22;0;55,00;262;
1140;58,10;57,18;3490;0,92;956,35;0;55,00;262;
1145;58,10;57,07;1598;1,03;1423,18;0;55,00;259;
1150;57,20;56,40;1343;0,80;1142,73;0;55,00;263;
1155;55,40;55,26;3159;0,14;66,38;0;55,00;260;
1160;53,30;53,84;6757;-0,54;-1521,60;0;55,00;263;
1165;52,30;52,74;10429;-0,44;-2944,16;0;55,00;262;
1170;53,10;52,86;11750;0,24;-3403,07;0;55,00;264;
1175;54,80;54,10;10170;0,70;-2724,07;0;55,00;263;
1180;56,50;55,38;7089;1,12;-1425,94;0;55,00;264;
1185;57,20;56,25;3912;0,95;-41,16;0;55,00;263;
1190;57,40;56,10;2012;1,30;800,26;0;55,00;264;
1195;56,80;55,79;1102;1,01;1071,22;0;55,00;264;
1200;54,90;54,85;2548;0,05;429,49;0;55,00;263;
1205;53,10;53,32;6142;-0,22;-966,64;0;55,00;263;
1210;52,10;52,57;9440;-0,47;-2206,18;0;55,00;262;
1215;52,10;52,54;11567;-0,44;-2865,95;0;55,00;264;
1220;53,30;53,24;11615;0,06;-2625,44;0;55,00;264;
1225;55,40;54,58;9184;0,82;-1464,30;0;55,00;264;
1230;57,20;56,05;5275;1,15;160,03;0;55,00;260;
1235;58,10;56,73;1929;1,37;1423,62;0;55,00;264;
1240;57,50;56,61;358;0,89;1856,42;43008;55,00;262;
1245;53,00;55,44;3012;-2,44;1123,89;43008;55,00;260;
1250;49,50;51,90;10726;-2,40;-915,38;43008;55,00;262;
1255;45,00;51,15;16974;-6,15;-1590,38;43008;55,00;264;
1260;44,60;49,32;23623;-4,72;-1473,62;43008;55,00;262;
1265;46,10;52,10;22235;-6,00;2129,48;43008;55,00;263;
1270;48,50;54,47;18591;-5,97;7194,22;43008;55,00;262;
1275;49,80;57,28;12836;-7,48;13367,86;43008;55,00;263;
1280;49,60;58,40;9263;-8,80;18887,43;43008;55,00;264;
1285;48,30;58,64;8291;-10,34;23192,06;43008;55,00;264;
1290;46,20;58,33;10502;-12,13;25840,22;43008;55,00;264;
1295;44,50;57,85;15326;-13,35;26883,29;43008;55,00;262;
1300;44,10;58,21;20606;-14,11;27012,20;43008;55,00;264;
1305;44,70;59,65;25011;-14,95;26855,15;43008;55,00;265;
1310;47,00;61,60;27808;-14,60;26788,89;43008;55,00;264;
1315;49,70;64,61;27679;-14,91;27445,02;43008;55,00;262;
1320;52,30;67,08;26458;-14,78;28380,74;43008;55,00;264;
1325;54,70;69,16;24079;-14,46;29605,95;43008;55,00;263;
1330;56,20;70,70;21433;-14,50;30801,16;43008;55,00;263;
1335;56,60;71,24;19927;-14,64;31471,15;43008;55,00;264;
1340;56,00;71,00;20030;-15,00;31454,00;43008;55,00;264;
1345;55,20;70,23;21628;-15,03;30776,20;43008;55,00;263;
1350;55,20;69,67;23315;-14,47;29833,12;43008;55,00;264;
1355;55,10;69,82;24359;-14,72;28972,23;43008;55,00;262;
1360;55,90;69,64;25424;-13,74;27981,98;43008;55,00;264;
1365;56,20;70,33;25129;-14,13;27446,55;43008;55,00;264;
1370;56,90;70,13;25372;-13,23;26771,77;43008;55,00;264;
1375;57,30;70,55;24425;-13,25;26543,12;43008;55,00;264;
1380;57,60;70,34;23949;-12,74;26219,21;43008;55,00;260;
1385;57,40;70,22;23372;-12,82;25991,20;43008;55,00;264;
1390;57,70;69,61;23260;-11,91;25560,09;43008;55,00;262;
1395;57,20;69,60;22729;-12,40;25254,17;43008;55,00;260;
1400;57,40;68,66;23379;-11,26;24452,36;43008;55,00;263;
1405;58,00;68,75;22621;-10,75;23884,68;43008;55,00;263;
1410;57,90;68,66;22319;-10,76;23034,25;43008;55,00;261;
1415;58,10;67,99;22813;-9,89;21763,30;43008;55,00;263;
1420;58,20;67,82;22765;-9,62;20540,81;43008;55,00;263;
1425;58,10;67,34;23195;-9,24;19134,97;43008;55,00;263;
1430;58,10;66,84;23580;-8,74;17774,34;43008;55,00;263;
1435;57,70;66,47;23826;-8,77;16624,93;43008;55,00;263;
1440;57,40;65,77;32768;-8,37;15626,69;43008;65,00;262;
1445;58,60;68,51;32768;-9,91;15111,19;43008;65,00;262;
1450;61,50;69,32;32768;-7,82;14644,97;43008;65,00;262;
1455;64,20;71,97;32639;-7,77;15739,45;43008;65,00;264;
1460;66,00;74,67;28961;-8,67;16777,05;43008;65,00;263;
1465;66,60;75,15;27347;-8,55;17311,97;43008;65,00;264;
1470;66,10;75,24;26293;-9,14;17833,16;43008;65,00;262;
1475;65,30;74,51;26660;-9,21;18022,73;43008;65,00;261;
1480;65,30;73,98;26857;-8,68;18214,98;43008;65,00;262;
1485;64,60;74,11;26730;-9,51;18506,05;43008;65,00;263;
1490;64,10;73,43;28020;-9,33;18322,04;43008;65,00;263;
1495;65,00;73,39;28182;-8,39;18289,06;43008;65,00;260;
1500;66,20;74,24;26785;-8,04;18468,95;43008;65,00;264;
1505;66,20;74,75;26037;-8,55;18270,00;43008;65,00;264;
1510;65,90;74,25;26937;-8,35;17418,48;43008;65,00;261;
1515;65,00;73,96;28167;-8,96;16488,04;43008;65,00;260;
1520;64,80;73,22;29991;-8,42;15448,11;43008;65,00;262;
1525;64,80;73,43;30382;-8,63;15045,06;43008;65,00;262;
1530;64,90;73,46;30535;-8,56;14981,52;43008;65,00;263;
1535;66,10;73,65;29466;-7,55;15422,20;43008;65,00;263;
1540;66,00;74,57;27271;-8,57;16407,37;43008;65,00;263;
1545;65,80;73,91;27040;-8,11;16854,04;43008;65,00;263;
1550;65,90;73,82;26164;-7,92;17411,13;43008;65,00;264;
1555;66,00;73,73;25528;-7,73;17680,73;43008;65,00;263;
1560;64,80;73,59;25942;-8,79;17513,47;43008;65,00;263;
1565;64,50;72,45;28071;-7,95;16621,41;43008;65,00;262;
1570;64,70;72,70;28616;-8,00;16063,84;43008;65,00;263;
1575;64,90;72,83;29238;-7,93;15419,99;43008;65,00;263;
1580;65,70;73,00;29335;-7,30;14881,54;43008;65,00;264;
1585;66,60;73,59;28321;-6,99;14651,27;43008;65,00;262;
1590;67,10;73,91;27261;-6,81;14428,68;43008;65,00;263;
1595;67,10;73,86;26622;-6,76;14095,66;43008;65,00;260;
1600;65,90;73,47;26968;-7,57;13628,32;43008;65,00;262;
1605;65,30;72,31;28476;-7,01;12945,38;43008;65,00;262;
1610;65,70;72,20;28337;-6,50;12844,00;43008;65,00;260;
1615;65,70;72,53;27478;-6,83;13080,93;43008;65,00;263;
1620;65,90;72,28;27128;-6,38;13201,54;43008;65,00;262;
1625;66,20;72,41;26148;-6,21;13479,83;43008;65,00;262;
1630;66,20;72,38;25457;-6,18;13585,56;43008;65,00;262;
1635;66,40;72,12;25178;-5,72;13385,38;43008;65,00;260;
1640;65,00;72,09;25549;-7,09;13000,78;43008;65,00;258;
1645;65,00;70,72;27728;-5,72;11957,68;43008;65,00;263;
1650;64,60;71,29;27716;-6,69;11660,49;43008;65,00;262;
1655;64,20;70,77;29095;-6,57;11097,32;43008;65,00;260;
1660;64,40;70,82;29374;-6,42;11062,71;43008;65,00;260;
1665;64,80;71,19;28714;-6,39;11512,43;43008;65,00;260;
1670;65,50;71,52;27447;-6,02;12250,23;43008;65,00;262;
1675;64,90;71,99;26197;-7,09;13146,43;43008;65,00;261;
1680;65,10;71,23;26374;-6,13;13551,36;43008;65,00;263;
1685;65,20;71,69;25187;-6,49;14245,35;43008;65,00;260;
1690;64,70;71,49;25362;-6,79;14371,82;43008;65,00;263;
1695;64,70;71,09;26137;-6,39;14080,41;43008;65,00;262;
1700;65,30;71,25;26210;-5,95;13714,25;43008;65,00;263;
1705;65,70;71,64;26067;-5,94;13173,14;43008;65,00;261;
1710;66,40;71,68;26201;-5,28;12303,61;43008;65,00;262;
1715;66,10;72,04;26207;-5,94;11429,65;43008;65,00;261;
1720;65,20;71,38;27851;-6,18;10201,54;43008;65,00;260;
1725;65,40;70,80;29028;-5,40;9290,71;43008;65,00;259;
1730;65,80;71,25;28306;-5,45;9219,47;43008;65,00;262;
1735;66,10;71,38;27358;-5,28;9485,80;43008;65,00;260;
1740;65,80;71,48;26248;-5,68;10088,55;43008;65,00;260;
1745;65,30;71,04;25816;-5,74;10703,33;43008;65,00;260;
1750;64,80;70,71;25436;-5,91;11430,49;43008;65,00;260;
1755;64,20;70,40;25377;-6,20;12109,80;43008;65,00;262;
1760;63,10;70,08;26028;-6,98;12633,76;43008;65,00;262;
1765;64,10;69,50;26666;-5,40;12923,67;43008;65,00;264;
1770;65,00;70,84;24737;-5,84;13719,75;43008;65,00;260;
1775;65,30;71,07;24387;-5,77;13716,99;43008;65,00;262;
1780;65,20;71,12;24729;-5,92;13218,40;43008;65,00;262;
1785;65,30;70,88;25707;-5,58;12266,50;43008;65,00;262;
1790;64,90;70,97;26678;-6,07;11243,51;43008;65,00;262;
1795;64,80;70,57;28254;-5,77;10082,27;43008;65,00;260;
1800;65,70;70,74;28406;-5,04;9433,39;43008;65,00;263;
1805;65,80;71,47;27412;-5,67;9390,40;43008;65,00;260;
1810;65,70;71,19;27312;-5,49;9362,76;43008;65,00;260;
1815;65,90;71,15;26426;-5,25;9809,39;43008;65,00;260;
1820;65,70;71,24;25243;-5,54;10545,40;43008;65,00;260;
1825;65,30;70,90;24708;-5,60;11191,30;43008;65,00;263;
1830;64,80;70,59;24455;-5,79;11771,30;43008;65,00;260;
1835;63,70;70,24;24976;-6,54;12149,16;43008;65,00;260;
1840;63,10;69,55;13199;-6,45;12219,02;43008;55,00;262;
1845;60,90;64,71;14049;-3,81;12475,65;43008;55,00;260;
1850;58,50;63,33;12580;-4,83;13293,06;43008;55,00;262;
1855;55,40;60,70;15239;-5,30;12555,79;43008;55,00;260;
1860;52,70;58,54;19637;-5,84;11022,96;43008;55,00;260;
1865;54,60;57,18;22704;-2,58;9262,13;43008;55,00;260;
1870;52,50;59,60;22438;-7,10;8655,97;43008;55,00;263;
1875;53,30;57,07;27665;-3,77;6363,09;43008;55,00;261;
1880;55,50;59,35;25339;-3,85;6506,57;43008;55,00;262;
1885;57,20;60,54;22880;-3,34;6858,21;43008;55,00;263;
1890;58,00;61,34;20059;-3,34;7485,52;43008;55,00;260;
1895;58,20;61,22;18101;-3,02;7904,44;43008;55,00;262;
1900;57,20;60,81;17105;-3,61;8074,44;43008;55,00;260;
1905;56,00;59,54;18035;-3,54;7635,91;43008;55,00;260;
1910;55,40;58,67;19023;-3,27;7095,69;43008;55,00;262;
1915;54,60;58,34;19926;-3,74;6581,35;43008;55,00;260;
1920;53,30;57,78;21784;-4,48;5951,06;43008;55,00;260;
1925;54,30;57,14;23042;-2,84;5523,09;43008;55,00;260;
1930;54,70;58,57;21262;-3,87;6189,22;43008;55,00;260;
1935;55,60;58,46;20669;-2,86;6524,16;43008;55,00;262;
1940;55,40;59,28;18930;-3,88;7313,84;43008;55,00;260;
1945;54,90;58,66;19228;-3,76;7521,79;43008;55,00;263;
1950;54,50;58,45;19330;-3,95;7789,18;43008;55,00;260;
1955;53,30;58,23;20138;-4,93;7940,49;43008;55,00;260;
1960;53,30;57,49;21619;-4,19;7875,02;43008;55,00;263;
1965;53,30;58,15;21359;-4,85;8389,77;43008;55,00;262;
1970;53,30;58,22;21741;-4,92;8758,30;43008;55,00;260;
1975;54,60;58,54;21111;-3,94;9307,97;43008;55,00;262;
1980;54,80;59,73;19356;-4,93;10141,04;43008;55,00;260;
1985;54,60;59,43;19694;-4,83;10233,77;43008;55,00;261;
1990;54,30;59,40;20044;-5,10;10231,61;43008;55,00;260;
1995;53,30;59,23;21221;-5,93;10016,88;43008;55,00;261;
2000;54,40;58,67;22346;-4,27;9663,58;43008;55,00;263;
2005;54,70;60,09;20850;-5,39;10107,87;43008;55,00;262;
2010;55,40;59,84;21021;-4,44;9947,58;43008;55,00;261;
2015;55,80;60,54;19849;-4,74;10132,39;43008;55,00;263;
2020;56,20;60,46;19504;-4,26;9943,53;43008;55,00;261;
2025;56,20;60,61;18993;-4,41;9710,44;43008;55,00;260;
2030;55,50;60,28;19563;-4,78;9143,90;43008;55,00;262;
2035;55,00;59,64;20811;-4,64;8411,19;43008;55,00;259;
2040;54,90;59,44;21457;-4,54;7953,15;43008;55,00;260;
2045;54,60;59,49;21746;-4,89;7800,09;53627;55,00;262;
2050;54,20;59,32;22202;-5,12;7862,47;61739;55,00;260;
2055;52,50;59,24;23037;-6,74;8308,84;65427;55,00;262;
2060;51,70;58,22;24948;-6,52;8880,92;63821;55,00;262;
2065;51,90;58,64;24492;-6,74;10542,10;57299;55,00;262;
2070;52,70;59,36;22894;-6,66;12719,63;47403;55,00;260;
2075;54,20;60,31;20211;-6,11;15058,89;36469;55,00;260;
2080;55,80;61,44;16923;-5,64;17056,41;27079;55,00;260;
2085;57,30;62,17;14308;-4,87;17967,02;21451;55,00;261;
2090;58,50;62,58;12803;-4,08;17414,65;20913;55,00;262;
2095;58,50;62,56;13326;-4,06;15171,06;25594;55,00;260;
2100;58,50;61,60;16289;-3,10;11257,04;34387;55,00;261;
2105;56,50;61,13;20366;-4,63;6762,05;45216;55,00;260;
2110;55,50;59,10;26700;-3,60;1827,83;55524;55,00;260;
2115;55,20;59,10;29563;-3,90;-1182,59;62875;55,00;262;
2120;54,60;59,14;30787;-4,54;-2287,25;65535;55,00;261;
2125;55,00;59,09;29673;-4,09;-1149,96;62875;55,00;260;
2130;56,20;59,95;24733;-3,75;2466,19;55524;55,00;264;
2135;57,70;60,83;17650;-3,13;7474,96;45216;55,00;258;
2140;58,30;61,46;10352;-3,16;12589,37;34387;55,00;260;
2145;57,70;60,95;5802;-3,25;16187,65;25594;55,00;260;
2150;56,30;59,66;4932;-3,36;17424,42;20913;55,00;257;
2155;54,60;58,09;7744;-3,49;16041,78;21451;55,00;260;
2160;52,10;56,70;13872;-4,60;12415,40;27079;55,00;262;
2165;50,80;55,11;22341;-4,31;7277,46;36469;55,00;261;
2170;50,60;55,27;28987;-4,67;2622,72;47403;55,00;260;
2175;51,60;56,06;32768;-4,46;-703,95;57299;55,00;260;
2180;53,30;57,55;32768;-4,25;-1642,36;63821;55,00;260;
2185;55,70;59,18;30093;-3,48;-71,01;65427;55,00;260;
2190;57,20;61,32;23505;-4,12;3645,17;61739;55,00;260;
2195;57,90;61,73;17376;-3,83;8003,74;53627;55,00;260;
2200;57,20;61,75;11808;-4,55;12451,37;43008;55,00;260;
2205;56,10;60,51;9121;-4,41;15612,54;32389;55,00;260;
2210;54,60;59,45;8539;-4,85;17240,12;24277;55,00;261;
2215;52,70;58,13;11210;-5,43;16772,06;20589;55,00;260;
2220;52,30;56,92;15806;-4,62;14501,26;22195;55,00;262;
2225;52,50;57,27;19729;-4,77;11494,23;28717;55,00;260;
2230;53,20;57,65;23887;-4,45;7900,06;38613;55,00;260;
2235;53,30;58,54;27146;-5,24;4730,84;49547;55,00;259;
2240;54,60;58,79;32768;-4,19;2377,53;58937;65,00;259;
2245;55,70;61,54;32768;-5,84;2106,88;64565;65,00;262;
2250;56,70;62,60;32768;-5,90;2983,27;65103;65,00;262;
2255;58,00;64,19;32768;-6,19;5868,41;60422;65,00;260;
2260;59,60;66,67;28639;-7,07;10071,78;51629;65,00;260;
2265;61,00;68,17;24861;-7,17;14624,20;40800;65,00;260;
2270;62,30;69,66;20636;-7,36;19003,54;30492;65,00;260;
2275;63,40;70,64;17478;-7,24;22207,83;23141;65,00;260;
2280;64,90;71,28;15646;-6,38;23629,57;20481;65,00;260;
2285;66,40;72,05;14985;-5,65;23014,46;23141;65,00;260;
2290;65,90;72,43;17175;-6,53;20080,40;30492;65,00;260;
2295;63,50;71,24;24126;-7,74;14875,60;40800;65,00;263;
2300;61,10;69,58;32768;-8,48;8983,80;51629;65,00;263;
2305;60,10;68,67;32768;-8,57;4447,51;60422;65,00;258;
2310;60,00;66,59;32768;-6,59;2803,06;65103;65,00;260;
2315;60,80;66,59;32768;-5,79;4870,29;64565;65,00;260;
2320;60,90;68,48;32768;-7,58;9016,84;58937;65,00;259;
2325;62,10;70,15;28785;-8,05;13403,13;49547;65,00;258;
2330;63,30;71,41;23988;-8,11;18074,02;38613;65,00;260;
2335;64,50;72,32;19413;-7,82;22226,21;28717;65,00;260;
2340;65,30;72,95;16073;-7,65;24972,57;22195;65,00;260;
2345;66,20;73,00;14975;-6,80;25507,17;20589;65,00;260;
2350;66,90;73,14;15733;-6,24;23751,96;24277;65,00;260;
2355;65,80;72,91;19622;-7,11;19672,61;32389;65,00;260;
2360;63,80;71,46;27417;-7,66;13695,32;43008;65,00;260;
2365;61,80;70,31;32768;-8,51;7703,41;53627;65,00;258;
2370;60,80;68,54;32768;-7,74;3310,48;61739;65,00;259;
2375;62,40;66,62;32768;-4,22;2252,25;65427;65,00;260;
2380;61,00;68,38;32768;-7,38;4938,31;63821;65,00;257;
2385;61,40;68,18;32768;-6,78;7836,29;57299;65,00;260;
2390;62,40;69,95;31702;-7,55;12442,62;47403;65,00;259;
2395;63,80;72,17;25828;-8,37;17132,69;36469;65,00;260;
2400;65,30;72,83;21200;-7,53;21149,20;27079;65,00;260;
2405;67,30;73,76;16284;-6,46;24239,21;21451;65,00;260;
2410;68,80;74,47;12780;-5,67;25326,29;20913;65,00;260;
2415;68,60;74,36;12837;-5,76;23597,81;25594;65,00;259;
2420;66,80;72,98;17750;-6,18;18928,48;34387;65,00;260;
2425;63,60;71,10;26511;-7,50;12400,03;45216;65,00;259;
2430;61,30;68,99;32768;-7,69;5585,77;55524;65,00;259;
2435;60,00;67,11;32768;-7,11;917,73;62875;65,00;260;
2440;59,90;64,86;32768;-4,96;-265,48;65535;65,00;259;
2445;60,70;65,07;32768;-4,37;2336,66;62875;65,00;260;
2450;61,70;67,14;32768;-5,44;6812,59;55524;65,00;260;
2455;62,70;69,77;30320;-7,07;11520,72;45216;65,00;259;
2460;64,60;71,41;24977;-6,81;15746,61;34387;65,00;260;
2465;66,30;72,61;19526;-6,31;19603,30;25594;65,00;259;
2470;68,30;73,28;14883;-4,98;22104,03;20913;65,00;260;
2475;69,50;73,89;11684;-4,39;22584,78;21451;65,00;260;
2480;68,80;73,39;12600;-4,59;20169,53;27079;65,00;260;
2485;66,00;71,69;18635;-5,69;15000,31;36469;65,00;260;
2490;60,90;69,20;29426;-8,30;8229,12;47403;65,00;260;
2495;60,00;66,17;32768;-6,17;1680,67;57299;65,00;262;
2500;59,60;64,90;32768;-5,30;-986,23;63821;65,00;260;
2505;59,80;64,18;32768;-4,38;-371,51;65427;65,00;259;
2510;60,20;65,14;32768;-4,94;2977,96;61739;65,00;260;
2515;62,50;67,01;32768;-4,51;7565,61;53627;65,00;260;
2520;64,80;70,90;25881;-6,10;12754,84;43008;65,00;260;
2525;66,20;72,09;20345;-5,89;16739,36;32389;65,00;259;
2530;66,90;72,57;16105;-5,67;19661,04;24277;65,00;260;
2535;67,20;72,36;14125;-5,16;20732,63;20589;65,00;260;
2540;67,30;71,89;14449;-4,59;19651,31;22195;65,00;263;
2545;66,50;71,30;17367;-4,80;16448,06;28717;65,00;260;
2550;64,70;70,13;23414;-5,43;11466,22;38613;65,00;260;
2555;62,70;68,80;31178;-6,10;5897,67;49547;65,00;260;
2560;61,50;68,01;32768;-6,51;1348,67;58937;65,00;262;
2565;61,10;66,29;32768;-5,19;-746,59;64565;65,00;260;
2570;60,50;65,82;32768;-5,32;623,49;65103;65,00;260;
2575;60,80;66,26;32768;-5,46;4243,65;60422;65,00;259;
2580;61,90;68,18;29950;-6,28;9323,53;51629;65,00;260;
2585;63,40;70,05;23934;-6,65;14596,41;40800;65,00;259;
2590;64,60;71,01;18681;-6,41;19285,02;30492;65,00;261;
2595;65,30;71,61;14770;-6,31;22572,55;23141;65,00;259;
2600;66,40;71,57;13171;-5,17;23541,59;20481;65,00;260;
2605;66,20;71,85;13755;-5,65;22114,71;23141;65,00;262;
2610;64,80;70,80;19040;-6,00;17787,09;30492;65,00;260;
2615;62,30;69,57;27309;-7,27;11836,21;40800;65,00;260;
2620;60,80;68,13;32768;-7,33;5650,45;51629;65,00;260;
2625;60,90;66,87;32768;-5,97;1516,85;60422;65,00;260;
2630;60,80;66,04;32768;-5,24;701,80;65103;65,00;259;
2635;61,00;66,19;32768;-5,19;2648,41;64565;65,00;257;
2640;61,20;67,46;28198;-6,26;6426,06;58937;55,00;260;
2645;61,50;67,50;20543;-6,00;10906,02;49547;55,00;260;
2650;61,80;66,69;13027;-4,89;15784,28;38613;55,00;260;
2655;60,60;65,89;6774;-5,29;19944,90;28717;55,00;260;
2660;59,10;63,61;4971;-4,51;21606,48;22195;55,00;259;
2665;57,00;61,79;6276;-4,79;20782,44;20589;55,00;260;
2670;54,60;59,58;11933;-4,98;17105,56;24277;55,00;259;
2675;52,30;57,83;20170;-5,53;11592,32;32389;55,00;260;
2680;51,30;56,68;28939;-5,38;5563,21;43008;55,00;260;
2685;52,10;57,03;32768;-4,93;832,17;53627;55,00;260;
2690;53,30;57,83;32768;-4,53;-1496,95;61739;55,00;260;
2695;55,40;58,55;32768;-3,15;-1096,28;65427;55,00;259;
2700;57,20;61,09;30224;-3,89;1941,47;63821;55,00;260;
2705;57,70;63,06;23330;-5,36;5851,25;57299;55,00;260;
2710;58,10;62,45;18253;-4,35;9917,10;47403;55,00;260;
2715;57,90;62,54;12313;-4,64;14333,98;36469;55,00;260;
2720;57,00;61,57;9100;-4,57;17341,66;27079;55,00;260;
2725;55,90;60,37;8526;-4,47;18434,36;21451;55,00;260;
2730;54,90;59,19;10616;-4,29;17327,15;20913;55,00;259;
2735;53,30;58,30;15213;-5,00;14247,93;25594;55,00;260;
2740;53,10;57,15;21642;-4,05;9673,61;34387;55,00;260;
2745;51,80;57,69;27055;-5,89;5328,95;45216;55,00;259;
2750;52,30;56,96;32768;-4,66;1271,13;55524;55,00;260;
2755;54,50;58,51;32768;-4,01;-103,57;62875;55,00;260;
2760;56,00;60,39;30595;-4,39;842,63;65535;55,00;263;
2765;56,90;61,58;26116;-4,68;3392,11;62875;55,00;260;
2770;57,70;61,91;20767;-4,21;7135,70;55524;55,00;260;
2775;57,70;62,17;14871;-4,47;11467,05;45216;55,00;259;
2780;56,90;61,48;10946;-4,58;15006,85;34387;55,00;260;
2785;56,00;60,39;9270;-4,39;17071,48;25594;55,00;259;
2790;54,60;59,41;10027;-4,81;17280,96;20913;55,00;259;
2795;53,30;58,14;13785;-4,84;15378,85;21451;55,00;260;
2800;53,30;57,40;18491;-4,10;12085,82;27079;55,00;260;
2805;53,20;57,83;22731;-4,63;8334,73;36469;55,00;260;
2810;54,20;57,87;26969;-3,67;4433,54;47403;55,00;249;
2815;54,60;59,12;28700;-4,52;1828,52;57299;55,00;261;
2820;54,70;59,35;30116;-4,65;348,33;63821;55,00;260;
2825;55,50;59,79;28967;-4,29;871,83;65427;55,00;259;
2830;55,80;60,67;25275;-4,87;3426,54;61739;55,00;260;
2835;55,50;60,75;21321;-5,25;7069,06;53627;55,00;260;
2840;56,00;60,50;16863;-4,50;11248,15;43008;55,00;258;
2845;55,60;60,86;12137;-5,26;15361,99;32389;55,00;259;
2850;55,40;59,99;10221;-4,59;17804,27;24277;55,00;261;
2855;55,00;59,72;9600;-4,72;18626,05;20589;55,00;261;
2860;55,10;59,01;11578;-3,91;17166,51;22195;55,00;259;
2865;54,70;58,97;14877;-4,27;14009,46;28717;55,00;260;
2870;53,30;58,36;20884;-5,06;9304,45;38613;55,00;260;
2875;52,30;57,51;27949;-5,21;4248,97;49547;55,00;261;
2880;52,30;57,59;32768;-5,29;524,24;58937;55,00;260;
2885;53,30;58,41;32768;-5,11;-908,69;64565;55,00;260;
2890;55,40;59,27;31700;-3,87;378,57;65103;55,00;259;
2895;57,10;61,71;24821;-4,61;4195,63;60422;55,00;258;
2900;58,30;62,23;18282;-3,93;8690,06;51629;55,00;260;
2905;57,70;62,62;11888;-4,92;13415,13;40800;55,00;260;
2910;57,00;61,22;8855;-4,22;16623,03;30492;55,00;259;
2915;55,40;60,41;7577;-5,01;18336,59;23141;55,00;261;
2920;54,20;58,70;10170;-4,50;17539,42;20481;55,00;260;
2925;52,80;57,98;14308;-5,18;15039,78;23141;55,00;260;
2930;52,50;57,03;20388;-4,53;10959,98;30492;55,00;260;
2935;52,00;57,48;25590;-5,48;6834,88;40800;55,00;259;
2940;53,00;57,46;30392;-4,46;3034,99;51629;55,00;259;
2945;54,50;59,09;31053;-4,59;1268,82;60422;55,00;260;
2950;55,40;60,33;29835;-4,93;1264,47;65103;55,00;260;
2955;56,00;61,01;27013;-5,01;3040,50;64565;55,00;260;
2960;56,10;61,46;22761;-5,36;6384,10;58937;55,00;260;
2965;56,70;61,38;17904;-4,68;10491,68;49547;55,00;259;
2970;56,80;61,70;12497;-4,90;14753,66;38613;55,00;257;
2975;55,50;61,13;9788;-5,63;17676,79;28717;55,00;259;
2980;54,60;59,69;10286;-5,09;18573,96;22195;55,00;260;
2985;53,30;59,11;12351;-5,81;17817,50;20589;55,00;259;
2990;54,40;58,05;16252;-3,65;15097,22;24277;55,00;260;
2995;54,20;59,37;18684;-5,17;11928,79;32389;55,00;257;
3000;53,30;58,62;24695;-5,32;7364,57;43008;55,00;260;
3005;53,30;58,46;29584;-5,16;3449,58;53627;55,00;259;
3010;54,60;59,12;31454;-4,52;1237,74;61739;55,00;259;
3015;54,80;60,56;30332;-5,76;1262,68;65427;55,00;259;
3020;55,70;60,62;28362;-4,92;2866,52;63821;55,00;259;
3025;56,60;61,71;22914;-5,11;6639,27;57299;55,00;257;
3030;57,00;62,04;17209;-5,04;11104,74;47403;55,00;258;
3035;56,80;61,92;12189;-5,12;15346,06;36469;55,00;260;
3040;55,70;61,24;22663;-5,54;18300,18;27079;65,00;259;
3045;56,90;64,88;22678;-7,98;19244,49;21451;65,00;258;
3050;59,70;65,79;26076;-6,09;17769,46;20913;65,00;257;
3055;64,00;68,92;25607;-4,92;16182,93;25594;65,00;259;
3060;66,30;71,78;24963;-5,48;13838,34;34387;65,00;259;
3065;66,10;72,46;27294;-6,36;10420,71;45216;65,00;258;
3070;64,80;71,83;31424;-7,03;6938,68;55524;65,00;259;
3075;63,00;71,12;32768;-8,12;4665,53;62875;65,00;260;
3080;62,30;69,52;32768;-7,22;4371,18;65535;65,00;260;
3085;61,80;69,34;32768;-7,54;7004,02;62875;65,00;257;
3090;62,30;70,19;29649;-7,89;11295,02;55524;65,00;260;
3095;63,50;71,22;24531;-7,72;16374,81;45216;65,00;258;
3100;63,80;72,25;19413;-8,45;21307,34;34387;65,00;259;
3105;64,80;72,14;16316;-7,34;24679,96;25594;65,00;259;
3110;64,90;72,81;14176;-7,91;26378,14;20913;65,00;259;
3115;65,20;72,15;15895;-6,95;25169,69;21451;65,00;259;
3120;64,80;72,18;19286;-7,38;21889,29;27079;65,00;259;
3125;63,50;71,44;25961;-7,94;16605,35;36469;65,00;260;
3130;61,90;70,63;32768;-8,73;10743,26;47403;65,00;259;
3135;61,20;69,69;32768;-8,49;5902,25;57299;65,00;260;
3140;61,50;67,74;32768;-6,24;3791,25;63821;65,00;257;
3145;61,50;67,88;32768;-6,38;5175,49;65427;65,00;260;
3150;61,90;68,72;32768;-6,82;8225,87;61739;65,00;259;
3155;62,30;70,40;32768;-8,10;12232,00;53627;65,00;258;
3160;63,60;72,25;27492;-8,65;16295,73;43008;65,00;260;
3165;64,90;72,91;23193;-8,01;20191,95;32389;65,00;260;
3170;66,50;73,79;18514;-7,29;23482,11;24277;65,00;259;
3175;68,10;74,37;14952;-6,27;25101,99;20589;65,00;259;
3180;68,70;74,61;13668;-5,91;24390,68;22195;65,00;247;
3185;68,00;73,86;16296;-5,86;20913,41;28717;65,00;256;
3190;65,80;72,49;22669;-6,69;15268,95;38613;65,00;259;
3195;62,50;70,58;32137;-8,08;8601,21;49547;65,00;260;
3200;60,90;68,80;32768;-7,90;2765,94;58937;65,00;257;
3205;60,70;66,01;32768;-5,31;83,32;64565;65,00;258;
3210;61,30;65,64;32768;-4,34;1559,73;65103;65,00;260;
3215;61,50;67,19;32768;-5,69;5329,90;60422;65,00;260;
3220;62,70;68,90;32768;-6,20;9613,44;51629;65,00;260;
3225;64,50;71,63;27721;-7,13;14190,74;40800;65,00;257;
3230;65,80;72,93;22352;-7,13;18136,06;30492;65,00;259;
3235;67,60;73,38;17764;-5,78;21126,68;23141;65,00;259;
3240;69,10;74,12;13561;-5,02;22712,82;43008;65,00;260;
3245;66,30;74,01;13925;-7,71;21774,26;43008;65,00;260;
3250;61,50;70,66;22656;-9,16;17534,99;43008;65,00;256;
3255;58,90;67,89;32768;-8,99;12480,83;43008;65,00;260;
3260;59,50;67,67;32768;-8,17;8791,98;43008;65,00;259;
3265;61,10;67,22;32768;-6,12;7376,54;43008;65,00;260;
3270;63,50;68,57;32768;-5,07;8422,66;43008;65,00;259;
3275;65,10;71,30;32313;-6,20;10535,22;43008;65,00;259;
3280;66,10;73,27;28380;-7,17;12316,92;43008;65,00;258;
3285;66,80;73,31;25914;-6,51;13902,87;43008;65,00;260;
3290;66,50;73,64;23142;-7,14;15677,43;43008;65,00;260;
3295;65,00;72,86;22818;-7,86;16670,39;43008;65,00;257;
3300;63,60;71,64;24292;-8,04;16929,12;43008;65,00;259;
3305;63,80;70,96;25583;-7,16;16828,56;43008;65,00;259;
3310;63,50;71,56;26004;-8,06;16672,15;43008;65,00;259;
3315;63,40;71,22;28029;-7,82;15755,37;43008;65,00;259;
3320;63,30;71,54;29468;-8,24;14928,01;43008;65,00;256;
3325;63,40;71,66;30982;-8,26;14151,82;43008;65,00;259;
3330;64,00;72,09;31444;-8,09;13879,78;43008;65,00;256;
3335;64,60;72,79;30779;-8,19;14220,66;43008;65,00;258;
3340;65,30;73,25;29558;-7,95;14965,71;43008;65,00;259;
3345;65,80;73,75;27731;-7,95;16045,00;43008;65,00;260;
3350;65,90;73,89;26215;-7,99;17052,34;43008;65,00;260;
3355;65,70;73,71;25374;-8,01;17737,37;43008;65,00;259;
3360;64,90;73,38;25519;-8,48;17958,76;43008;65,00;258;
3365;63,60;72,68;27196;-9,08;17594,88;43008;65,00;259;
3370;63,40;71,93;29332;-8,53;16924,09;43008;65,00;258;
3375;63,30;72,34;30204;-9,04;16599,68;43008;65,00;259;
3380;64,50;72,42;30812;-7,92;16244,41;43008;65,00;259;
3385;64,90;73,67;29628;-8,77;16487,37;43008;65,00;260;
3390;65,90;73,58;29438;-7,68;16376,50;43008;65,00;260;
3395;66,80;74,42;27575;-7,62;16699,65;43008;65,00;258;
3400;66,20;74,57;26918;-8,37;16676,81;43008;65,00;259;
3405;65,90;73,67;27805;-7,77;16135,90;43008;65,00;260;
3410;65,10;73,56;28201;-8,46;15805,24;43008;65,00;259;
3415;64,80;72,82;29524;-8,02;15240,15;43008;65,00;260;
3420;64,80;72,90;29712;-8,10;15112,17;43008;65,00;259;
3425;64,80;72,94;29783;-8,14;15142,83;43008;65,00;257;
3430;65,70;73,00;29196;-7,30;15374,68;43008;65,00;257;
3435;66,30;73,73;27420;-7,43;15935,10;43008;65,00;258;
3440;66,10;73,73;13504;-7,63;16120,56;43008;55,00;259;
3445;64,10;68,37;13683;-4,27;15929,60;43008;55,00;259;
3450;60,60;66,74;11977;-6,14;16169,95;43008;55,00;260;
3455;56,90;62,70;16269;-5,80;14237,10;43008;55,00;262;
3460;53,30;60,25;21444;-6,95;11871,29;43008;55,00;259;
3465;52,10;58,05;27338;-5,95;9198,77;43008;55,00;259;
3470;53,00;58,43;29388;-5,43;7787,11;43008;55,00;259;
3475;55,20;59,66;28615;-4,46;7412,43;43008;55,00;260;
3480;57,30;61,38;25428;-4,08;8003,16;43008;55,00;258;
3485;58,80;62,35;21851;-3,55;8858,61;43008;55,00;259;
3490;59,00;62,68;18767;-3,68;9626,97;43008;55,00;258;
3495;58,50;61,91;17478;-3,41;9752,46;43008;55,00;257;
3500;57,20;60,98;17485;-3,78;9344,02;43008;55,00;260;
3505;55,90;59,58;19196;-3,68;8253,58;43008;55,00;257;
3510;54,60;58,66;21315;-4,06;6995,51;43008;55,00;260;
3515;54,60;57,86;23361;-3,26;5733,50;43008;55,00;259;
3520;54,60;58,31;23654;-3,71;5166,74;43008;55,00;259;
3525;55,20;58,28;23857;-3,08;4816,08;43008;55,00;257;
3530;56,20;58,92;22280;-2,72;5181,46;43008;55,00;259;
3535;56,90;59,45;20171;-2,55;5826,70;43008;55,00;259;
3540;56,90;59,56;18475;-2,66;6400,80;43008;55,00;257;
3545;56,20;59,12;17910;-2,92;6634,99;43008;55,00;260;
3550;55,00;58,35;18588;-3,35;6493,58;43008;55,00;259;
3555;53,30;57,47;20443;-4,17;6101,42;43008;55,00;258;
3560;53,10;56,53;22511;-3,43;5675,92;43008;55,00;257;
3565;53,00;57,14;22589;-4,14;5997,64;43008;55,00;259;
3570;53,30;57,23;22916;-3,93;6372,31;43008;55,00;257;
3575;54,80;57,87;21591;-3,07;7213,53;43008;55,00;260;
3580;55,40;59,10;19168;-3,70;8347,26;43008;55,00;268;
3585;55,20;59,05;18573;-3,85;8822,61;43008;55,00;260;
3590;54,60;58,78;18840;-4,18;8914,68;43008;55,00;257;
3595;54,20;58,33;19828;-4,13;8638,16;43008;55,00;257;
3600;53,30;58,25;21034;-4,95;8283,93;43008;55,00;259;
3605;53,30;57,74;22789;-4,44;7751,34;43008;55,00;259;
3610;53,30;58,32;23066;-5,02;7793,94;43008;55,00;259;
3615;54,60;58,46;22957;-3,86;7961,79;43008;55,00;257;
3620;54,60;59,78;21171;-5,18;8809,00;43008;55,00;257;
3625;54,70;59,34;21347;-4,64;9132,81;43008;55,00;257;
3630;55,00;59,70;20337;-4,70;9822,72;43008;55,00;258;
3635;55,00;59,82;19682;-4,82;10348,50;43008;55,00;259;
3640;54,40;59,73;19775;-5,33;10600,58;43008;55,00;257;
3645;53,30;59,27;21072;-5,97;10506,58;43008;55,00;259;
3650;53,00;58,72;22715;-5,72;10303,59;43008;55,00;257;
3655;53,20;59,07;23117;-5,87;10502,90;43008;55,00;258;
3660;53,30;59,49;23242;-6,19;10867,11;43008;55,00;257;
3665;54,80;59,78;22654;-4,98;11343,63;43008;55,00;258;
3670;55,50;61,15;20350;-5,65;12262,32;43008;55,00;257;
3675;55,70;61,12;19820;-5,42;12483,34;43008;55,00;258;
3680;54,90;61,13;19900;-6,23;12439,56;43008;55,00;258;
3685;54,60;60,32;21384;-5,72;11836,54;43008;55,00;257;
3690;54,60;60,42;21896;-5,82;11444,79;43008;55,00;259;
3695;54,60;60,45;22518;-5,85;11004,76;43008;55,00;257;
3700;55,10;60,53;22738;-5,43;10679,97;43008;55,00;258;
3705;55,00;60,99;22398;-5,99;10644,08;43008;55,00;259;
3710;55,10;60,74;22687;-5,64;10527,48;43008;55,00;259;
3715;55,40;60,96;22053;-5,56;10787,54;43008;55,00;263;
3720;55,50;61,11;21332;-5,61;11147,50;43008;55,00;260;
3725;55,40;61,05;20867;-5,65;11463,58;43008;55,00;260;
3730;55,10;60,89;20736;-5,79;11682,28;43008;55,00;257;
3735;54,60;60,63;21078;-6,03;11756,45;43008;55,00;258;
3740;54,60;60,32;21587;-5,72;11714,73;43008;55,00;259;
3745;54,60;60,51;21561;-5,91;11782,39;43008;55,00;257;
3750;55,40;60,49;21473;-5,09;11702,29;43008;55,00;259;
3755;55,40;61,17;20639;-5,77;11773,34;43008;55,00;257;
3760;55,10;60,78;21374;-5,68;11316,18;43008;55,00;259;
3765;54,90;60,62;21973;-5,72;10898,77;43008;55,00;259;
3770;54,90;60,52;22455;-5,62;10552,66;43008;55,00;258;
3775;54,90;60,61;22582;-5,71;10406,40;43008;55,00;259;
3780;55,00;60,63;22565;-5,63;10413,06;43008;55,00;257;
3785;55,30;60,75;22089;-5,45;10642,55;43008;55,00;257;
3790;55,50;60,96;21298;-5,46;11020,30;43008;55,00;259;
3795;55,60;60,97;20668;-5,37;11342,68;43008;55,00;257;
3800;55,10;60,93;20439;-5,83;11551,96;43008;55,00;257;
3805;54,70;60,42;21105;-5,72;11457,50;43008;55,00;258;
3810;54,60;60,29;21471;-5,69;11401,01;43008;55,00;259;
3815;54,60;60,31;21721;-5,71;11331,55;43008;55,00;257;
3820;54,60;60,37;21964;-5,77;11238,87;43008;55,00;257;
3825;54,60;60,42;22212;-5,82;11148,55;43008;55,00;258;
3830;55,40;60,49;22011;-5,09;11111,21;43008;55,00;259;
3835;55,90;61,16;20814;-5,26;11308,35;43008;55,00;257;
3840;55,50;60,00;0;0,00;0,00;0;0,00;253;

